0,2,2,0
0.1,2.4242,2.4242,0
0.2,2.9152,2.9152,0
0.3,3.5042,3.5042,0
0.4,4.2272,4.2272,0
0.5,5.125,5.125,0
0.6,6.2432,6.2432,0
0.7,7.6322,7.6322,0
0.8,9.3472,9.3472,0
0.9,11.4482,11.4482,0
1,14,14,0
1.1,17.0722,17.0722,0
1.2,20.7392,20.7392,0
1.3,25.0802,25.0802,0
1.4,30.1792,30.1792,0
1.5,36.125,36.125,0
1.6,43.0112,43.0112,0
1.7,50.9362,50.9362,0
1.8,60.0032,60.0032,0
1.9,70.3202,70.3202,0
2,82,82,0
2.1,95.1602,95.1602,0
2.2,109.9232,109.9232,0
2.3,126.4162,126.4162,0
2.4,144.7712,144.7712,0
2.5,165.125,165.125,0
2.6,187.6192,187.6192,0
2.7,212.4002,212.4002,0
2.8,239.6192,239.6192,0
2.9,269.4322,269.4322,0
3,302,302,0
3.1,337.4882,337.4882,0
3.2,376.0672,376.0672,0
3.3,417.9122,417.9122,0
3.4,463.2032,463.2032,0
3.5,512.125,512.125,0
3.6,564.8672,564.8672,0
3.7,621.6242,621.6242,0
3.8,682.5952,682.5952,0
3.9,747.9842,747.9842,0
4,818,818,0
4.1,892.8562,892.8562,0
4.2,972.7712,972.7712,0
4.3,1057.9682,1057.9682,0
4.4,1148.6752,1148.6752,0
4.5,1245.125,1245.125,0
4.6,1347.5552,1347.5552,0
4.7,1456.2082,1456.2082,0
4.8,1571.3312,1571.3312,0
4.9,1693.1762,1693.1762,0
5,1822,1822,0
5.1,1958.0642,1958.0642,0
5.2,2101.6352,2101.6352,0
5.3,2252.9842,2252.9842,0
5.4,2412.3872,2412.3872,0
5.5,2580.125,2580.125,0
5.6,2756.4832,2756.4832,0
5.7,2941.7522,2941.7522,0
5.8,3136.2272,3136.2272,0
5.9,3340.2082,3340.2082,0
6,3554,3554,0
6.1,3777.9122,3777.9122,0
6.2,4012.2592,4012.2592,0
6.3,4257.3602,4257.3602,0
6.4,4513.5392,4513.5392,0
6.5,4781.125,4781.125,0
6.6,5060.4512,5060.4512,0
6.7,5351.8562,5351.8562,0
6.8,5655.6832,5655.6832,0
6.9,5972.2802,5972.2802,0
7,6302,6302,0
7.1,6645.2002,6645.2002,0
7.2,7002.2432,7002.2432,0
7.3,7373.4962,7373.4962,0
7.4,7759.3312,7759.3312,0
7.5,8160.125,8160.125,0
7.6,8576.2592,8576.2592,0
7.7,9008.1202,9008.1202,0
7.8,9456.0992,9456.0992,0
7.9,9920.5922,9920.5922,0
8,10402,10402,0
8.1,10900.7282,10900.7282,0
8.2,11417.1872,11417.1872,0
8.3,11951.7922,11951.7922,0
8.4,12504.9632,12504.9632,0
8.5,13077.125,13077.125,0
8.6,13668.7072,13668.7072,0
8.7,14280.1442,14280.1442,0
8.8,14911.8752,14911.8752,0
8.9,15564.3442,15564.3442,0
9,16238,16238,0
9.1,16933.2962,16933.2962,0
9.2,17650.6912,17650.6912,0
9.3,18390.6482,18390.6482,0
9.4,19153.6352,19153.6352,0
9.5,19940.125,19940.125,0
9.6,20750.5952,20750.5952,0
9.7,21585.5282,21585.5282,0
9.8,22445.4112,22445.4112,0
9.9,23330.7362,23330.7362,0
10,24242,24242,0
